1.000000000 0.013348745 0.043995769 0.039139459 0.089709789 0.022126001 0.045477415 0.061371479 0.262661943 0.063299921 0.278843611 0.046123035 0.033300842 0.077094335 0.085375741 0.194955554 0.209484269 0.035846361 0.305047648 0.126867229 0.211624068 0.240849448 0.010281047 0.096593656 0.175383968 0.031603514 0.412133514 0.091547710 0.077455808 0.108766434 0.229015452 0.127628859 0.157232424 0.236297024 0.242060761 0.027041242 0.077034257 0.286144612 0.096365635 0.212211783 0.303831443 0.084520610 0.321460170 0.238573055 0.116583206 0.184343437 0.049599874 0.291037792 0.303831443 0.294568594 0.094463932 0.225485185 0.170560489 0.189336140 0.282856822 0.304478400 0.312514551 0.227038493 0.264091722 0.303256020 0.252464242 0.031356896 0.013910852 0.245415221 0.216311648 0.153021970 0.157028847 0.310511745 0.135790656 0.168074500 0.063606624 0.225485185 0.279940600 0.312514551 0.277878924 0.130420426 0.121082667 0.101949316 0.161394197 0.195981734 0.277963642 0.287212112 0.291037792 0.364853072 0.177360926 0.128443467 0.179711823 0.256810150 0.287222172 0.242966977 0.428742785 0.160937053 0.227038493 0.191761347 0.185905110 0.282856822 0.229185903 0.162998729 0.326310887 0.152135667 0.317094820 0.213154177 0.319194853 0.208260997 0.295895220 0.130699874 0.158489515 0.236363549 0.310511745 0.213154177 0.137701998 0.287222172 0.299466093 0.143763440 0.233679875 0.254954073 0.321744008 0.254833192 0.278253706 0.296549871 0.287212112 0.227038493 0.229015452 0.256810150 0.242669450 0.331619795 0.271573404 0.274915924 0.420314484 0.127352156 0.270602841 0.213154177 0.233679875 0.132399875
0.013348745 1.000000000 0.088852866 0.125906992 0.107277562 0.105547282 0.127099201 0.116258354 0.056006075 0.118265401 0.074366383 0.136001613 0.150553816 0.147724449 0.122155551 0.095270219 0.053126960 0.098039093 0.136109842 0.116858312 0.089466252 0.081146521 0.128013046 0.108124337 0.066208959 0.099660403 0.059631476 0.109682411 0.084679060 0.118265401 0.084157122 0.142602026 0.119827911 0.051539587 0.053631530 0.106390699 0.082110109 0.047245312 0.118865305 0.125167109 0.036932197 0.133730413 0.059116704 0.068983263 0.098497931 0.094671256 0.115123031 0.063426908 0.061185800 0.076089831 0.087504042 0.026283011 0.084247984 0.066623813 0.039803820 0.093253414 0.052822341 0.068472989 0.081396983 0.056732991 0.073708562 0.123792810 0.108899697 0.063843125 0.085765552 0.110382049 0.061686233 0.056367106 0.109216066 0.106696799 0.108555409 0.084857674 0.046540978 0.052822341 0.062756066 0.084145762 0.055497482 0.098947051 0.099386690 0.025261051 0.064227693 0.037375818 0.063426908 0.016904762 0.057954362 0.077734653 0.090422746 0.073460308 0.064393483 0.023244976 0.044294990 0.081019395 0.082007928 0.085676426 0.068737587 0.049715646 0.076150237 0.094443918 0.044329088 0.070456367 0.020110613 0.080616423 0.060132450 0.056995270 0.029012359 0.077672094 0.097717267 0.073160175 0.068495909 0.037974684 0.083562268 0.034657772 0.056423794 0.072980154 0.091831886 0.018056003 0.041207769 0.071311114 0.092160500 0.053249125 0.037375818 0.088782653 0.050352010 0.049126942 0.030096219 0.053499999 0.067644113 0.141138862 0.030865843 0.121899016 0.050503580 0.056227892 0.063659400 0.062712125
0.043995769 0.088852866 1.000000000 0.093667612 0.109612924 0.074876251 0.069125734 0.104142084 0.078301588 0.103167599 0.057267183 0.108630139 0.091643495 0.084560218 0.122983594 0.089989508 0.078634829 0.101279051 0.067928155 0.094400103 0.052623733 0.084196431 0.086464479 0.079717771 0.054000675 0.081100801 0.063282321 0.097719392 0.051858951 0.092172791 0.104602350 0.118313166 0.070030805 0.069108199 0.070660299 0.090970720 0.080196653 0.056879553 0.098325767 0.097991717 0.052143288 0.089281807 0.141989328 0.127745978 0.114425050 0.112786423 0.095452086 0.107633988 0.102544812 0.093080292 0.066422120 0.062080766 0.110665540 0.073905664 0.085958474 0.068452170 0.077327990 0.074774576 0.062264040 0.131823912 0.120876872 0.081864098 0.083944219 0.094947777 0.065316884 0.089099297 0.088454517 0.140883662 0.102284474 0.094744918 0.064496428 0.085631842 0.213470031 0.106539072 0.089207540 0.098313284 0.159647648 0.095108966 0.082471861 0.091219391 0.055976735 0.052885972 0.088416481 0.045474505 0.059022632 0.062191641 0.075391426 0.117114125 0.269794309 0.056435158 0.047568837 0.103756336 0.112143948 0.075974039 0.073927973 0.085958474 0.078416479 0.083448014 0.073207469 0.076019192 0.072190423 0.195196949 0.084339931 0.070334772 0.081229720 0.238904192 0.082218548 0.099280558 0.098383370 0.060719967 0.071947225 0.079521440 0.112745282 0.065554592 0.063733848 0.028135668 0.090533629 0.097257914 0.055595367 0.108453153 0.095632409 0.087126041 0.067542003 0.102279871 0.068671236 0.074570224 0.048583425 0.044859583 0.046638725 0.105618904 0.047409014 0.082770097 0.115310653 0.046651470
0.039139459 0.125906992 0.093667612 1.000000000 0.129790177 0.124042291 0.115089952 0.129033223 0.043418603 0.178784605 0.074142442 0.172989749 0.359069318 0.150178122 0.265618494 0.089177742 0.055212393 0.087074676 0.121441888 0.131880246 0.095024941 0.089685257 0.145471336 0.139350410 0.074085003 0.120393486 0.051560003 0.136830527 0.095260071 0.097333720 0.108743963 0.121584237 0.113896036 0.045103318 0.050026958 0.118010699 0.100906715 0.028789459 0.147075200 0.095052244 0.036674584 0.071590077 0.132306647 0.079872811 0.128156164 0.073022328 0.098334748 0.073619288 0.107615785 0.047328555 0.107401823 0.047831234 0.163110818 0.149211685 0.095590516 0.085327429 0.054364941 0.088535805 0.095213527 0.097531496 0.116111770 0.155421753 0.104171757 0.083645440 0.096350778 0.132094524 0.102825750 0.165927899 0.174457069 0.107650788 0.098753729 0.116528880 0.055782643 0.099131551 0.048786162 0.074801026 0.038919104 0.138050483 0.103376750 0.058966946 0.072851994 0.043199856 0.065357633 0.015660276 0.084938106 0.069779070 0.073046868 0.151280069 0.074305392 0.049267219 0.032100134 0.102022862 0.073397850 0.090966467 0.050585296 0.074236155 0.099764414 0.285724718 0.068351160 0.085106487 0.060465483 0.115419900 0.045832708 0.068774685 0.049472711 0.087395649 0.139057517 0.062838467 0.179431621 0.054022759 0.112039717 0.052255657 0.081749316 0.088069865 0.253106406 0.031142011 0.065488093 0.100879904 0.039462060 0.042528574 0.029707831 0.125666657 0.063324679 0.033510938 0.056494588 0.045999412 0.080378809 0.028603581 0.030610017 0.132572463 0.068875998 0.081210010 0.075296637 0.091138514
0.089709789 0.107277562 0.109612924 0.129790177 1.000000000 0.139437682 0.112626587 0.282696436 0.086941235 0.130203108 0.172572997 0.138273890 0.124784229 0.127280277 0.190275443 0.136844439 0.084590072 0.152143493 0.106095921 0.198129259 0.131520064 0.109351511 0.118507068 0.150124927 0.140435150 0.125314144 0.109524911 0.174751954 0.131717307 0.122771945 0.232557459 0.188400594 0.131994097 0.094658517 0.058565652 0.148555294 0.108383853 0.180089662 0.172860176 0.155784291 0.151719987 0.109427794 0.210560978 0.172650005 0.237876216 0.157188676 0.137016085 0.140752537 0.128659323 0.130202740 0.286662166 0.114935021 0.122404812 0.126203951 0.160725930 0.181472882 0.096786577 0.173026647 0.186207470 0.171095495 0.202129428 0.137459231 0.080829427 0.131323800 0.186061654 0.220881501 0.152860864 0.203487368 0.210848882 0.125510377 0.081751909 0.164432557 0.129026396 0.228413473 0.280236458 0.176481688 0.082100053 0.134726122 0.189402839 0.105391128 0.172053036 0.156864138 0.115015779 0.088849902 0.118870318 0.094161738 0.114984540 0.139380885 0.172290804 0.148971827 0.089883056 0.154618092 0.155462450 0.141402418 0.097772420 0.136736304 0.175241753 0.150463564 0.176581842 0.127720275 0.121442220 0.157251176 0.136353677 0.144321796 0.105233586 0.126060049 0.199644618 0.101771973 0.232441501 0.330991558 0.105910035 0.266309836 0.174169373 0.123314093 0.159720625 0.104855772 0.125006660 0.216810931 0.114869175 0.115112420 0.099239113 0.227337988 0.125123040 0.238310943 0.129338313 0.125219550 0.171648846 0.105989210 0.113541144 0.327874985 0.163262774 0.110876680 0.141735394 0.111036718
0.022126001 0.105547282 0.074876251 0.124042291 0.139437682 1.000000000 0.113328272 0.128461850 0.060422520 0.125183797 0.356421737 0.126845175 0.133684686 0.148650060 0.169058271 0.110496891 0.115903211 0.329225961 0.100844584 0.136376749 0.109803216 0.077298425 0.122951220 0.122326439 0.092059284 0.113109129 0.053189088 0.146309413 0.090747193 0.120798709 0.096680446 0.147110853 0.096662268 0.037287249 0.041775539 0.130213149 0.085969290 0.068035919 0.136425683 0.086778742 0.047038801 0.087982244 0.105571622 0.240104302 0.125091790 0.107894356 0.104854762 0.063800403 0.091716436 0.073723417 0.126325984 0.064459604 0.092755476 0.102454855 0.062239649 0.085671134 0.068828724 0.187458452 0.107711894 0.096037921 0.122276889 0.129722647 0.096388768 0.075401339 0.101213992 0.155222249 0.115982286 0.122509711 0.135769429 0.083080002 0.067071914 0.091602102 0.055933154 0.116019663 0.076774652 0.125958296 0.051425595 0.113946048 0.112004112 0.068547758 0.078845307 0.077043348 0.049004921 0.024421626 0.074443780 0.055709897 0.068094905 0.086215433 0.098827049 0.050507473 0.059701554 0.085773812 0.064121298 0.073444343 0.087894554 0.233951567 0.123920171 0.071624883 0.217312680 0.092022370 0.049989052 0.113972926 0.055691041 0.172715700 0.049122561 0.109153882 0.125052151 0.097647339 0.122509711 0.079743511 0.077091386 0.058078048 0.065808352 0.070491933 0.075256720 0.045071141 0.059814039 0.104515459 0.035192270 0.073674111 0.060427962 0.130678595 0.040466085 0.063790826 0.090321518 0.073668669 0.076669912 0.025763252 0.056002779 0.137174548 0.078348170 0.062842714 0.075256720 0.066836263
0.045477415 0.127099201 0.069125734 0.115089952 0.112626587 0.113328272 1.000000000 0.113484170 0.058518494 0.119246380 0.076872612 0.103972868 0.133433587 0.150251832 0.117527698 0.098164762 0.089550416 0.113419308 0.114709625 0.107837477 0.076041839 0.083298918 0.100266439 0.087082655 0.059558848 0.078234803 0.058429210 0.102834522 0.084976450 0.089231774 0.075524892 0.122643502 0.083418480 0.027205125 0.024838594 0.105408751 0.059065193 0.043686017 0.102829842 0.110520658 0.042557196 0.091452900 0.068816856 0.081080702 0.096091549 0.080024805 0.099399479 0.049009879 0.042557196 0.053943705 0.075610543 0.030048247 0.056926470 0.052119941 0.023230172 0.058648965 0.077899555 0.057225693 0.085421352 0.067813686 0.086820617 0.107214067 0.077240277 0.057476850 0.071463719 0.118230927 0.094133052 0.064192347 0.092733746 0.066733338 0.095701924 0.068774238 0.031772438 0.077899555 0.086992880 0.109301115 0.047178754 0.070777431 0.087545095 0.021887508 0.053105347 0.047415048 0.049009879 0.020446400 0.055495262 0.055831222 0.111560551 0.096890991 0.051441803 0.062283629 0.023486870 0.049333706 0.065292081 0.090298805 0.083820067 0.058429210 0.074287800 0.064612789 0.052271410 0.060546903 0.043898212 0.072884853 0.085209663 0.060270604 0.054089573 0.084353377 0.092442984 0.085725753 0.078535139 0.051060050 0.091396046 0.027992179 0.052120232 0.058821572 0.050577451 0.034485916 0.038171919 0.085028341 0.089684416 0.048945564 0.033072257 0.089598911 0.043289868 0.048518131 0.146514976 0.074391801 0.151115991 0.044841302 0.074732123 0.093251031 0.074740393 0.065594466 0.050577451 0.060317251
0.061371479 0.116258354 0.104142084 0.129033223 0.282696436 0.128461850 0.113484170 1.000000000 0.061020060 0.136281687 0.108714448 0.169800895 0.145483248 0.122607017 0.152380541 0.104682230 0.090430566 0.104195101 0.116987781 0.119518497 0.111205257 0.092079836 0.136277510 0.151223313 0.094138757 0.108225707 0.061621360 0.138127178 0.081214648 0.110319660 0.114767441 0.118157715 0.086196068 0.037408301 0.041906268 0.108794563 0.105647277 0.084783124 0.156386434 0.124856842 0.040036078 0.105686217 0.105152813 0.095877543 0.127989930 0.108390233 0.108483603 0.068671772 0.097842488 0.070236717 0.274787457 0.075124480 0.091591271 0.127335415 0.068353449 0.114297321 0.078529456 0.099723511 0.117629900 0.093805204 0.120665586 0.156568864 0.098018293 0.073653958 0.110408774 0.171586873 0.122501627 0.116712961 0.104235607 0.074800793 0.082813331 0.111470318 0.073809299 0.138904368 0.181059276 0.101506919 0.051848079 0.137470784 0.134767417 0.072703224 0.109398457 0.044371539 0.083550961 0.031961096 0.092344775 0.090013088 0.092097011 0.138428139 0.107901410 0.064804657 0.068181521 0.091648216 0.080800869 0.098517370 0.080180728 0.095635621 0.109239362 0.124070543 0.102576391 0.115521228 0.092887024 0.133977868 0.086299650 0.111616414 0.049668854 0.126027080 0.129397096 0.074167000 0.149995812 0.251986526 0.111003990 0.250942291 0.118859549 0.106324764 0.121721413 0.045571407 0.066322585 0.121466670 0.058396667 0.048200214 0.027752457 0.128420616 0.109276070 0.171817666 0.083726269 0.043307787 0.098406101 0.046670012 0.049536701 0.297209424 0.079057244 0.099526639 0.111773990 0.073748784
0.262661943 0.056006075 0.078301588 0.043418603 0.086941235 0.060422520 0.058518494 0.061020060 1.000000000 0.118181125 0.226319074 0.081022671 0.047532678 0.046731383 0.142862250 0.186478316 0.180018922 0.067747907 0.036295327 0.182349842 0.244840986 0.173102909 0.018887047 0.120196810 0.176012521 0.064764758 0.291644711 0.114607689 0.109346243 0.099047476 0.183727753 0.165643159 0.076548826 0.183727753 0.144774866 0.058664500 0.095323713 0.233161240 0.086941105 0.224366784 0.240210261 0.106831697 0.254954073 0.237269845 0.139171897 0.224366784 0.081022671 0.303816008 0.240210261 0.253072158 0.091552535 0.178336223 0.200586206 0.186478316 0.226319074 0.226319074 0.335401240 0.183727753 0.261673745 0.335401240 0.200900196 0.043850431 0.036180070 0.195004737 0.173102909 0.175305399 0.121082667 0.240210261 0.226915204 0.152761005 0.024457064 0.222954033 0.291644711 0.247472391 0.291644711 0.186877836 0.129415070 0.126136687 0.152761005 0.153660970 0.226319074 0.240210261 0.233161240 0.247472391 0.176012521 0.186877836 0.171045213 0.261673745 0.226319074 0.195004737 0.240210261 0.161600271 0.183727753 0.135759928 0.154439559 0.226319074 0.229947565 0.161600271 0.262661943 0.121082667 0.254954073 0.209833263 0.247472391 0.209833263 0.247472391 0.122563547 0.157108185 0.196398996 0.317948152 0.209833263 0.216241465 0.226319074 0.240210261 0.144478080 0.237269845 0.213231204 0.226319074 0.261673745 0.213231204 0.317948152 0.317948152 0.229947565 0.183727753 0.206973889 0.195004737 0.219677693 0.270862614 0.219677693 0.233161240 0.173726904 0.291644711 0.168023167 0.237269845 0.110732825
0.063299921 0.118265401 0.103167599 0.178784605 0.130203108 0.125183797 0.119246380 0.136281687 0.118181125 1.000000000 0.117962992 0.176039943 0.202141294 0.145914841 0.236981371 0.146220888 0.067184095 0.107942435 0.097803721 0.202372400 0.156994736 0.156426408 0.124028983 0.194864926 0.149517073 0.133951329 0.083013165 0.181443903 0.163645458 0.160497992 0.145349279 0.194548218 0.118173454 0.087515791 0.088530711 0.106642367 0.134750670 0.078642737 0.170356667 0.152995085 0.070492643 0.091190336 0.222101517 0.141824401 0.181445804 0.116132932 0.133063061 0.152158838 0.201338599 0.084481127 0.125275584 0.080917378 0.152351605 0.150728725 0.189569553 0.167696987 0.126871431 0.140129808 0.148544685 0.192166463 0.171976415 0.143345847 0.114944275 0.133913880 0.180171981 0.166471619 0.181189798 0.209802426 0.368954673 0.155283055 0.127187061 0.202565197 0.102514649 0.133311368 0.093721228 0.119997124 0.063355076 0.284173333 0.140347577 0.087666841 0.117443031 0.070714674 0.113285419 0.063967297 0.131745606 0.105681425 0.137119279 0.144478962 0.141937285 0.104916333 0.113970532 0.137712917 0.125607401 0.160952932 0.088858819 0.130372411 0.217737029 0.212171379 0.097305308 0.146877024 0.161944842 0.130032273 0.106607217 0.117102893 0.130828080 0.109978134 0.255229326 0.072795104 0.209802426 0.091500722 0.152464997 0.101807279 0.141181925 0.152164571 0.171989333 0.076616878 0.094653141 0.140820430 0.072559620 0.110795863 0.094922556 0.222843309 0.116465302 0.078772937 0.073442476 0.058565652 0.154462565 0.099142989 0.064360724 0.188589667 0.124947153 0.117052511 0.159242727 0.106346110
0.278843611 0.074366383 0.057267183 0.074142442 0.172572997 0.356421737 0.076872612 0.108714448 0.226319074 0.117962992 1.000000000 0.113083813 0.076647977 0.083222233 0.125202910 0.211413663 0.132366907 0.219440335 0.048640947 0.172040786 0.229233282 0.211640349 0.067316827 0.127717314 0.205695043 0.075731644 0.316966162 0.147330683 0.114466561 0.097815139 0.266047347 0.169318195 0.116103301 0.207174422 0.160435996 0.070195776 0.089666990 0.263231392 0.088129772 0.226825649 0.265364532 0.076064516 0.306114284 0.348816829 0.179268690 0.173674268 0.101881972 0.274060211 0.290924732 0.216453178 0.153776050 0.217577703 0.170252589 0.184365426 0.267011190 0.266465366 0.272846213 0.291798736 0.348824244 0.277975203 0.240823839 0.095415782 0.031344926 0.214838411 0.251823283 0.259788562 0.226754646 0.305513923 0.163805256 0.148642739 0.071727052 0.265224335 0.260565823 0.392622602 0.254995840 0.131733808 0.104329225 0.133097963 0.202041356 0.192156458 0.256182370 0.247472391 0.274060211 0.266238313 0.210078495 0.127350355 0.271040961 0.240635787 0.276613581 0.228547416 0.261410606 0.189577570 0.212303412 0.183639485 0.096148166 0.394144425 0.315592233 0.230989444 0.577106967 0.250740306 0.296511893 0.206952859 0.278853527 0.320264899 0.254954073 0.141748282 0.261129629 0.122017065 0.388744856 0.206952859 0.152313934 0.276613581 0.281322341 0.205960875 0.218025868 0.219677693 0.239954163 0.236252334 0.243577147 0.258756631 0.247472391 0.311737470 0.216686865 0.240635787 0.227776090 0.237603314 0.299165903 0.240257289 0.254148476 0.196296609 0.373773054 0.296896069 0.269278729 0.178204972
0.046123035 0.136001613 0.108630139 0.172989749 0.138273890 0.126845175 0.103972868 0.169800895 0.081022671 0.176039943 0.113083813 1.000000000 0.163546947 0.140171948 0.177428819 0.145582460 0.054619882 0.079336762 0.113155055 0.173478568 0.156509446 0.109648180 0.260741496 0.291521419 0.114201000 0.077591847 0.047568837 0.155433089 0.120705091 0.110226434 0.132844114 0.160416996 0.148782928 0.058578236 0.072605408 0.141584560 0.069415033 0.080712547 0.165676462 0.163724272 0.054088721 0.104377702 0.115143085 0.090936639 0.179781050 0.103137596 0.091560112 0.071203221 0.126569938 0.095807564 0.127257004 0.063525088 0.084610891 0.137952717 0.106109829 0.160918328 0.104540027 0.114874434 0.171166994 0.110206404 0.123604144 0.171993321 0.054786298 0.125494885 0.126233889 0.169248583 0.186513698 0.121900502 0.138989870 0.124019713 0.113948699 0.136816388 0.098696461 0.133751109 0.109818840 0.110360869 0.061023925 0.118243911 0.266247298 0.080692893 0.148442893 0.076911098 0.090654933 0.047478753 0.236163514 0.071278006 0.106378488 0.166151131 0.117219210 0.058014477 0.071085969 0.135833217 0.064244613 0.115082352 0.061390727 0.106109829 0.157759230 0.141817284 0.116606286 0.135434350 0.074255264 0.130710996 0.111551968 0.130093941 0.084092269 0.108328884 0.139343812 0.059951939 0.165431891 0.084564920 0.130931028 0.081354370 0.137293511 0.136570869 0.186831021 0.077086098 0.093366603 0.176833371 0.057322299 0.089731841 0.076911098 0.140900451 0.094362883 0.060122367 0.182262764 0.060220304 0.129638392 0.063272867 0.048527069 0.187336378 0.122328759 0.186098142 0.126748907 0.108214472
0.033300842 0.150553816 0.091643495 0.359069318 0.124784229 0.133684686 0.133433587 0.145483248 0.047532678 0.202141294 0.076647977 0.163546947 1.000000000 0.174629364 0.283260477 0.094049802 0.063360234 0.109240749 0.141573791 0.105640458 0.079694510 0.091440279 0.165362612 0.133226325 0.077991766 0.124067378 0.044781125 0.137323217 0.096683538 0.117968982 0.108255450 0.119416540 0.102393784 0.052910529 0.052458652 0.126041243 0.116444145 0.042818509 0.154594448 0.108308996 0.023958802 0.075641945 0.136114479 0.088618231 0.137957665 0.099999488 0.110190568 0.094621307 0.137905197 0.053507955 0.120302696 0.057541533 0.187694280 0.172550721 0.110865937 0.085547862 0.060148378 0.079828873 0.079680877 0.097676778 0.118305355 0.159999031 0.119832864 0.069592874 0.092640837 0.143363404 0.098646097 0.181024900 0.156319588 0.107680117 0.117184365 0.124352383 0.055751081 0.094162638 0.055489188 0.096851740 0.036451046 0.141982808 0.102158233 0.065535609 0.076128016 0.041937148 0.074437688 0.016026626 0.074292732 0.073421743 0.076213417 0.173092721 0.092089515 0.055721828 0.050537130 0.088386958 0.085629571 0.099488077 0.064801711 0.071992518 0.105251084 0.267091709 0.067306230 0.089743937 0.075957805 0.103863715 0.055396193 0.075245924 0.036338396 0.096750185 0.153073476 0.068514121 0.181024900 0.072492261 0.096690934 0.066494896 0.077748523 0.091646173 0.225020484 0.029688146 0.036273248 0.096171607 0.046029159 0.047362462 0.031489155 0.131044373 0.079248297 0.052610008 0.067176779 0.031805995 0.068279588 0.050779432 0.019192428 0.145054226 0.051331453 0.088175304 0.075688851 0.068799888
0.077094335 0.147724449 0.084560218 0.150178122 0.127280277 0.148650060 0.150251832 0.122607017 0.046731383 0.145914841 0.083222233 0.140171948 0.174629364 1.000000000 0.183762820 0.153953713 0.074954958 0.117357468 0.148893458 0.172407830 0.104587188 0.231528823 0.146686234 0.143355799 0.106175572 0.095313141 0.065771649 0.183552422 0.109793224 0.111179407 0.130224455 0.166953537 0.136712198 0.066029047 0.059214140 0.112930938 0.080599883 0.075008992 0.156266417 0.262756863 0.059255438 0.136988151 0.105601233 0.089178422 0.145160410 0.115506091 0.094378512 0.067302480 0.108291269 0.075755069 0.124311758 0.050337505 0.075501894 0.088760614 0.079200543 0.231044438 0.078314872 0.108526824 0.135564570 0.102688635 0.103843515 0.157286253 0.080967399 0.091097443 0.097697393 0.148240367 0.105868496 0.134475104 0.143582595 0.135092626 0.133715657 0.112927425 0.061611384 0.115937211 0.051867158 0.100992795 0.038911432 0.119221153 0.125337523 0.064502588 0.099213008 0.059256056 0.067302480 0.049118776 0.094459801 0.068883241 0.139358171 0.125118926 0.112461584 0.041212693 0.085620535 0.101480379 0.080494818 0.121343451 0.097881542 0.065771649 0.132923167 0.111224605 0.085968610 0.098905300 0.076436176 0.100006103 0.088069975 0.110014700 0.066901997 0.086640906 0.150750673 0.084952305 0.118046373 0.066481908 0.135376149 0.058664410 0.102005890 0.122013752 0.121173426 0.055859345 0.081572093 0.122315994 0.067862664 0.081460270 0.042870700 0.146506106 0.064789622 0.069414788 0.060026987 0.072822714 0.104894558 0.052096460 0.052670145 0.148728603 0.090575686 0.091575734 0.082215226 0.078329735
0.085375741 0.122155551 0.122983594 0.265618494 0.190275443 0.169058271 0.117527698 0.152380541 0.142862250 0.236981371 0.125202910 0.177428819 0.283260477 0.183762820 1.000000000 0.203057961 0.116845036 0.133630896 0.126735636 0.202239917 0.172119370 0.139020034 0.156705340 0.220715639 0.142960368 0.157165002 0.105560551 0.224927144 0.141519625 0.143920564 0.195338327 0.204928154 0.198893858 0.076954591 0.096021883 0.159311850 0.164434038 0.105170429 0.253387618 0.180631830 0.091739887 0.168797283 0.269544114 0.174079579 0.248181221 0.144631552 0.134493238 0.216517365 0.246049315 0.124905977 0.167452827 0.104506904 0.257558505 0.260914282 0.188166612 0.199703200 0.124305037 0.206856534 0.178878890 0.238745604 0.250339292 0.200811936 0.139821573 0.162253227 0.154904354 0.234129352 0.180038251 0.308237607 0.251093633 0.183095404 0.123512867 0.247279713 0.154140147 0.196442678 0.097323969 0.189218947 0.086177837 0.218420586 0.216554639 0.098047720 0.171585282 0.144520376 0.192818204 0.085228034 0.148482859 0.120075866 0.137738035 0.281393177 0.220758019 0.096638740 0.113661229 0.129618713 0.140102410 0.138052725 0.106039455 0.139574812 0.206850945 0.242541177 0.126580653 0.142825149 0.124562981 0.159866299 0.132075232 0.176353159 0.157519885 0.162681591 0.253988430 0.132178571 0.280777328 0.130484737 0.190972776 0.129333053 0.174884340 0.149535488 0.302801473 0.156897908 0.142257118 0.234204672 0.092447836 0.137507855 0.117060097 0.296686744 0.129478943 0.122571701 0.112247205 0.141618410 0.206716152 0.081314504 0.084844061 0.212088050 0.174153902 0.116063158 0.177595152 0.125503439
0.194955554 0.095270219 0.089989508 0.089177742 0.136844439 0.110496891 0.098164762 0.104682230 0.186478316 0.146220888 0.211413663 0.145582460 0.094049802 0.153953713 0.203057961 1.000000000 0.158116896 0.072080675 0.087321581 0.249573049 0.215493090 0.193023507 0.085430178 0.158702825 0.157439224 0.067608057 0.177470952 0.199152311 0.156901378 0.098459380 0.202319086 0.303971068 0.126047182 0.194833317 0.163710585 0.080277101 0.085535532 0.176480299 0.144790745 0.244216452 0.233182523 0.131191994 0.265292982 0.211617996 0.215951574 0.164033207 0.093623450 0.182116490 0.191953093 0.218975213 0.156486768 0.144892649 0.155506675 0.216392798 0.177470952 0.242556736 0.238113199 0.200045119 0.306577624 0.293522370 0.224611404 0.137746783 0.042251632 0.281726464 0.274979311 0.202394393 0.185516738 0.247001505 0.200331548 0.325423987 0.075587495 0.200053575 0.213969280 0.304209180 0.169341360 0.123853531 0.139155827 0.148788302 0.190567357 0.128139207 0.252134762 0.210370709 0.182116490 0.188470925 0.159713191 0.086930201 0.231312620 0.228444665 0.262821572 0.151173381 0.282073335 0.143790571 0.200045119 0.144527568 0.108125071 0.177470952 0.229340613 0.190809062 0.202146205 0.200628530 0.196912891 0.243120447 0.258000168 0.237484256 0.221369372 0.144112857 0.229236226 0.147864621 0.247001505 0.137890525 0.186347070 0.182521571 0.234180691 0.152308088 0.146688363 0.144774866 0.248769156 0.260732558 0.181405662 0.260029549 0.210370709 0.289559237 0.145191043 0.160974174 0.150571364 0.206926074 0.208873885 0.172961738 0.182116490 0.229509062 0.233960971 0.137890525 0.205981805 0.149844531
0.209484269 0.053126960 0.078634829 0.055212393 0.084590072 0.115903211 0.089550416 0.090430566 0.180018922 0.067184095 0.132366907 0.054619882 0.063360234 0.074954958 0.116845036 0.158116896 1.000000000 0.153557641 0.128842776 0.108110215 0.107703655 0.131201127 0.044958235 0.075797209 0.103980744 0.059132347 0.238304493 0.096655286 0.080352685 0.086640005 0.134621382 0.155512372 0.211831584 0.118743698 0.190635520 0.084281793 0.108747286 0.171324562 0.060794602 0.137370828 0.148962330 0.080041683 0.209766164 0.191510446 0.102347314 0.187250627 0.066060390 0.176444990 0.148962330 0.240331907 0.064204388 0.111284733 0.194292644 0.112996158 0.136955974 0.159672236 0.152847632 0.132553518 0.158975254 0.232643932 0.149874327 0.074084762 0.080216894 0.145599561 0.149679971 0.128517473 0.096752933 0.155974271 0.128172716 0.124682726 0.033104096 0.111284733 0.167052541 0.152847632 0.164171637 0.156071721 0.097677861 0.104290714 0.101327384 0.117581037 0.131835546 0.128514572 0.140616592 0.227079008 0.106048609 0.079223263 0.128928056 0.179560081 0.174679555 0.116972237 0.245736398 0.112593279 0.156428532 0.254553249 0.223916460 0.170105104 0.134053125 0.115474183 0.156399724 0.107975906 0.152275946 0.170602213 0.204355764 0.121912824 0.132399875 0.113425665 0.112711905 0.312149064 0.155974271 0.148638008 0.133067614 0.141530424 0.144387879 0.071786958 0.136421050 0.114080543 0.177852680 0.121485704 0.141540242 0.180720422 0.167899679 0.132553518 0.111116684 0.123553568 0.141978741 0.274698056 0.134528301 0.133402777 0.241965111 0.125323096 0.121082667 0.105767158 0.136421050 0.089740924
0.035846361 0.098039093 0.101279051 0.087074676 0.152143493 0.329225961 0.113419308 0.104195101 0.067747907 0.107942435 0.219440335 0.079336762 0.109240749 0.117357468 0.133630896 0.072080675 0.153557641 1.000000000 0.087919336 0.093192382 0.046738739 0.066522508 0.091199587 0.093071921 0.057598955 0.128243489 0.054963867 0.115900274 0.070334025 0.128933023 0.095015899 0.144699450 0.087335710 0.050215325 0.036265160 0.148571729 0.131920308 0.085152739 0.112773027 0.071811954 0.064363283 0.082193060 0.130079566 0.298090581 0.113525570 0.131312441 0.114242266 0.097588064 0.093574366 0.069498870 0.074708146 0.067372572 0.110792351 0.076917606 0.077640020 0.061430344 0.045423386 0.199604545 0.068225496 0.118970814 0.163211963 0.114447482 0.134257929 0.059975537 0.101620411 0.130122349 0.090005935 0.130367509 0.124696297 0.094997429 0.054226757 0.056547666 0.070226651 0.119790560 0.079566004 0.158942983 0.067108910 0.107920461 0.093164117 0.063352995 0.065204695 0.083540749 0.062080766 0.037796372 0.062620911 0.071535999 0.068252187 0.106137557 0.121512401 0.074806687 0.040116020 0.094737558 0.113145490 0.063036147 0.080759319 0.189075387 0.116787394 0.076691575 0.247838374 0.053878967 0.064280161 0.106852295 0.074966327 0.171745953 0.047506628 0.135824694 0.083756849 0.129246916 0.110603366 0.086102124 0.073045714 0.088749400 0.062792173 0.067739929 0.045217049 0.035699387 0.063113768 0.073891873 0.063159086 0.096361492 0.083540749 0.089993943 0.049678427 0.092481368 0.086184929 0.095942151 0.041967667 0.038043814 0.057113937 0.134334735 0.055426395 0.065640078 0.068632070 0.040742968
0.305047648 0.136109842 0.067928155 0.121441888 0.106095921 0.100844584 0.114709625 0.116987781 0.036295327 0.097803721 0.048640947 0.113155055 0.141573791 0.148893458 0.126735636 0.087321581 0.128842776 0.087919336 1.000000000 0.108518945 0.064468704 0.078964783 0.114712478 0.107311832 0.064554751 0.079466732 0.197672019 0.105150152 0.082057218 0.091770243 0.070239022 0.121265194 0.185899642 0.038347891 0.121051953 0.084042152 0.055567702 0.030505376 0.107640921 0.104934428 0.030666186 0.085163412 0.035570516 0.041527081 0.094536736 0.081812546 0.069186061 0.035490260 0.042439814 0.124842167 0.080066438 0.020560779 0.081662969 0.060272186 0.033639382 0.084575994 0.032503453 0.068225372 0.073841333 0.036658055 0.066555706 0.117814643 0.069659265 0.049870141 0.060035051 0.119691008 0.064073811 0.061030276 0.080859915 0.084453205 0.095887229 0.058413901 0.021049114 0.059684753 0.018657830 0.072736483 0.041378707 0.076573117 0.063969410 0.030417585 0.057528586 0.047822110 0.035490260 0.080151585 0.046395082 0.054234495 0.072756463 0.082175271 0.057335449 0.011547101 0.194552897 0.065438319 0.068225372 0.158304920 0.149486471 0.043261134 0.083241375 0.072568677 0.038014708 0.068204695 0.014489883 0.085115322 0.052906566 0.062371704 0.041510962 0.070331649 0.085317662 0.188167134 0.061030276 0.043720440 0.088416814 0.018853554 0.061546223 0.061701457 0.077474389 0.033980678 0.095980373 0.064406771 0.025628193 0.035018902 0.024266023 0.081354245 0.024384061 0.034949428 0.053892232 0.106790695 0.068841258 0.032196403 0.159210675 0.105200501 0.058420305 0.037817817 0.036542197 0.069373991
0.126867229 0.116858312 0.094400103 0.131880246 0.198129259 0.136376749 0.107837477 0.119518497 0.182349842 0.202372400 0.172040786 0.173478568 0.105640458 0.172407830 0.202239917 0.249573049 0.108110215 0.093192382 0.108518945 1.000000000 0.379451593 0.216720035 0.112294529 0.235406148 0.139301857 0.088501239 0.146694655 0.254431116 0.170145269 0.171457679 0.225480512 0.277104663 0.206291676 0.102657709 0.127700611 0.096560619 0.068197584 0.115082104 0.138980285 0.210697494 0.127931104 0.156832413 0.229807538 0.166648346 0.250388454 0.163145359 0.107563989 0.120202532 0.163111398 0.197143575 0.132850858 0.095670790 0.121715390 0.150041253 0.146694655 0.260456148 0.170982146 0.223412648 0.351253783 0.242167508 0.177589268 0.135260922 0.058770418 0.242260211 0.255646013 0.219214274 0.191142319 0.170123340 0.264415589 0.186681126 0.180984976 0.243904132 0.173577289 0.211200879 0.111207501 0.096853892 0.110790866 0.176589772 0.212074069 0.101964726 0.201849550 0.142663641 0.152171632 0.123553568 0.141369721 0.094786028 0.191468669 0.232841020 0.181204303 0.099898909 0.194122169 0.194017308 0.135074536 0.163038839 0.132547402 0.117140969 0.271492759 0.163630128 0.197782787 0.154218524 0.129953850 0.209105946 0.177994087 0.224874263 0.231414629 0.113278237 0.243627436 0.101127321 0.205708561 0.109962338 0.273112481 0.121715420 0.230137172 0.162517159 0.230850300 0.174714449 0.168443918 0.284667084 0.122871125 0.155484384 0.142663641 0.269993152 0.115931690 0.105432300 0.099508383 0.138756759 0.278118210 0.114169248 0.152171632 0.249246972 0.253092646 0.109962338 0.184246062 0.178628998
0.211624068 0.089466252 0.052623733 0.095024941 0.131520064 0.109803216 0.076041839 0.111205257 0.244840986 0.156994736 0.229233282 0.156509446 0.079694510 0.104587188 0.172119370 0.215493090 0.107703655 0.046738739 0.064468704 0.379451593 1.000000000 0.235558365 0.085096854 0.205206645 0.170175774 0.081786800 0.191833149 0.164944206 0.123125280 0.105102866 0.250807529 0.153431078 0.164423871 0.165263241 0.201887942 0.085675116 0.064033459 0.191276700 0.167818837 0.261871783 0.207196825 0.141073620 0.218142883 0.164336399 0.176640002 0.127352156 0.088704262 0.196912891 0.207196825 0.237327958 0.152166271 0.156209857 0.122105923 0.207844048 0.191833149 0.348950164 0.270541341 0.216679614 0.372888380 0.201901544 0.172961738 0.128275325 0.030222194 0.304054394 0.267036821 0.175165998 0.200125195 0.214967019 0.175028965 0.190790145 0.188323515 0.278260312 0.188470925 0.212588355 0.227021532 0.114318585 0.075182851 0.126628227 0.227736606 0.163439811 0.273465909 0.178336223 0.196912891 0.204175511 0.148416839 0.150287675 0.194430770 0.210488652 0.196883769 0.163548372 0.253514868 0.178268058 0.154576430 0.155389840 0.099315168 0.191833149 0.216677312 0.206206591 0.218814719 0.172333140 0.213092264 0.204759003 0.220358549 0.199122812 0.183727753 0.117708787 0.178745732 0.100245240 0.266335682 0.176421159 0.300623602 0.196883769 0.253514868 0.185707451 0.289862020 0.235502418 0.182831353 0.320972139 0.194937304 0.198783981 0.178336223 0.216679614 0.156850397 0.174108727 0.162946356 0.183540249 0.303892176 0.186902474 0.243692812 0.188843165 0.299914951 0.148553267 0.256210963 0.163370217
0.240849448 0.081146521 0.084196431 0.089685257 0.109351511 0.077298425 0.083298918 0.092079836 0.173102909 0.156426408 0.211640349 0.109648180 0.091440279 0.231528823 0.139020034 0.193023507 0.131201127 0.066522508 0.078964783 0.216720035 0.235558365 1.000000000 0.082566006 0.180920290 0.171665504 0.092971168 0.267168535 0.141439195 0.082349722 0.102508078 0.216121035 0.240857039 0.115942050 0.226566679 0.178453442 0.058429847 0.085442179 0.219514391 0.082097275 0.325114626 0.238317495 0.118996980 0.249935410 0.191901590 0.111506245 0.151405029 0.083584800 0.276244590 0.348332714 0.231026358 0.129163480 0.214903776 0.147079059 0.181606245 0.221086058 0.452299365 0.305699502 0.180561504 0.290140498 0.230791375 0.201056342 0.084293307 0.056379163 0.267752673 0.236694984 0.182267095 0.183360114 0.248072599 0.155172696 0.176621445 0.084961236 0.247060713 0.216925793 0.244039951 0.207181567 0.118387052 0.079797483 0.133906616 0.144446639 0.163832501 0.214122861 0.189282282 0.226477588 0.233594307 0.149322395 0.135464211 0.156518560 0.240381244 0.227371437 0.186576797 0.286683179 0.177352405 0.213318103 0.145495960 0.140467510 0.267168535 0.276485556 0.163286176 0.249723723 0.153617766 0.243650031 0.204792825 0.253795054 0.168186512 0.256664288 0.143380555 0.159797784 0.143941384 0.248072599 0.175149709 0.168893503 0.227371437 0.232032116 0.191216314 0.253500204 0.208765254 0.209990210 0.237578312 0.226813484 0.227871852 0.189282282 0.180561504 0.183364436 0.201682061 0.185432130 0.211692479 0.257800468 0.215852743 0.276244590 0.159933930 0.271173033 0.175149709 0.184938394 0.108325041
0.010281047 0.128013046 0.086464479 0.145471336 0.118507068 0.122951220 0.100266439 0.136277510 0.018887047 0.124028983 0.067316827 0.260741496 0.165362612 0.146686234 0.156705340 0.085430178 0.044958235 0.091199587 0.114712478 0.112294529 0.085096854 0.082566006 1.000000000 0.246299985 0.072662661 0.077406789 0.055785551 0.130739704 0.076468051 0.102585167 0.098368917 0.109665174 0.101849325 0.027751645 0.055223399 0.120001720 0.064783345 0.070297959 0.145731525 0.092801090 0.033268127 0.091940775 0.084362046 0.080760571 0.124684544 0.095945585 0.099797909 0.039386803 0.086404580 0.041785416 0.116696568 0.045592585 0.063490406 0.077976327 0.068681858 0.088285321 0.048941814 0.080005363 0.085136909 0.068416078 0.092348851 0.159309572 0.065021795 0.074431901 0.075112528 0.143937831 0.177732999 0.103433581 0.119649899 0.097254512 0.108723673 0.096914490 0.041718947 0.091960783 0.044495611 0.111970973 0.050479771 0.109259572 0.206877891 0.050095677 0.066026379 0.036745740 0.050086141 0.013709482 0.270907339 0.047327523 0.065966761 0.079817777 0.089571084 0.045851060 0.040654637 0.136332508 0.060020742 0.093125995 0.053577461 0.058905462 0.096988864 0.098865396 0.063360170 0.103933264 0.039465067 0.099168033 0.042149422 0.074704989 0.042301943 0.098653683 0.097539591 0.056284224 0.115401652 0.057128088 0.087706344 0.060241696 0.075295200 0.080007289 0.096079589 0.060087524 0.037819771 0.082797552 0.028225469 0.049566484 0.036745740 0.093346960 0.051735733 0.055834353 0.149435550 0.040761494 0.072050149 0.016662228 0.048818322 0.126087120 0.059483144 0.135800455 0.097202762 0.061773669
0.096593656 0.108124337 0.079717771 0.139350410 0.150124927 0.122326439 0.087082655 0.151223313 0.120196810 0.194864926 0.127717314 0.291521419 0.133226325 0.143355799 0.220715639 0.158702825 0.075797209 0.093071921 0.107311832 0.235406148 0.205206645 0.180920290 0.246299985 1.000000000 0.100130794 0.086115586 0.116186038 0.166729597 0.111575467 0.128100126 0.183032876 0.184525918 0.118540551 0.081481837 0.117718269 0.111266802 0.072501720 0.152742065 0.149752696 0.146415512 0.100245240 0.113136121 0.175086144 0.138397483 0.161464844 0.134687080 0.108484844 0.116005268 0.189804582 0.138223491 0.154081359 0.114859128 0.121911513 0.142347840 0.164275311 0.190029166 0.171085200 0.159319410 0.219247480 0.142382974 0.145514397 0.152968194 0.053858850 0.158689319 0.138817449 0.239093151 0.245952772 0.176509140 0.205422276 0.169607822 0.103007810 0.185498856 0.106318942 0.200296282 0.124452340 0.146352279 0.077683270 0.155359103 0.266533820 0.089595400 0.151839986 0.140145742 0.143232739 0.095030694 0.279097822 0.103797405 0.133873055 0.207500799 0.227131260 0.095484733 0.186662569 0.207854993 0.159319410 0.136387979 0.080906377 0.138862191 0.200636136 0.138892504 0.181412907 0.163589193 0.123244814 0.142977117 0.143728539 0.234592315 0.185334769 0.157211669 0.163001823 0.071095233 0.206833582 0.126554690 0.181453079 0.124841691 0.178695202 0.161800549 0.183341846 0.115330935 0.108000104 0.202478843 0.098294780 0.122642043 0.109821300 0.178010920 0.109853734 0.099892501 0.244793035 0.133017553 0.228315778 0.088849902 0.093329115 0.213041907 0.203843904 0.189027820 0.166761051 0.095421476
